## Observed data
y <- 9
n <- 10

a0 <- 18.1 ; b0 <- .995
a1 <- 3.44 ; b1 <- .860 
a2 <- 8.32 ; b2 <- .924
a3 <- 1.98 ; b3 <- .848